"ano"	"dia"	"NEE"	"PRP"
2005	1	-2.58416666666667	0
2005	2	-2.58416666666667	0
2005	3	-2.58416666666667	0
2005	4	-2.58416666666667	0
2005	5	-2.58416666666667	0
2005	6	-2.58416666666667	0
2005	7	-2.58416666666667	0
2005	8	-2.58416666666667	0
2005	9	-2.58416666666667	0
2005	10	-5.31416666666667	0
2005	11	-5.30875	0
2005	12	-5.40083333333333	0
2005	13	-5.23833333333333	0
2005	14	-5.50916666666667	0
2005	15	-5.48208333333333	0
2005	16	-5.54708333333333	0
2005	17	-5.60125	0
2005	18	-5.55791666666667	0
2005	19	-5.455	0
2005	20	-5.455	0
2005	21	-5.455	0
2005	22	-5.455	0
2005	23	-5.51458333333333	0
2005	24	-5.47666666666667	0
2005	25	-5.42791666666667	0
2005	26	-5.73125	0
2005	27	-5.66083333333333	0
2005	28	-5.73125	0
2005	29	-5.51458333333333	0
2005	30	-5.49291666666667	0
2005	31	-5.31958333333333	0
2005	32	-5.20583333333333	0
2005	33	-5.44958333333333	0
2005	34	-5.46583333333333	0
2005	35	-5.49291666666667	0
2005	36	-5.46041666666667	0
2005	37	-5.325	0
2005	38	-5.13	0
2005	39	-5.11916666666667	0
2005	40	-5.065	0
2005	41	-4.9025	0
2005	42	-4.9675	0
2005	43	-4.87541666666667	0
2005	44	-4.85375	0
2005	45	-5.25458333333333	0
2005	46	-5.31958333333333	0
2005	47	-5.34125	0
2005	48	-5.3575	0
2005	49	-4.97125	0
2005	50	-4.3875	0
2005	51	-4.8275	0
2005	52	-5.43458333333333	0
2005	53	-5.51041666666667	0
2005	54	-5.37333333333333	0
2005	55	-5.055	0
2005	56	-4.70833333333333	0
2005	57	-4.62708333333333	0
2005	58	-4.58375	0
2005	59	-4.6875	0
2005	60	-4.58125	0
2005	61	-4.4225	0
2005	62	-4.17458333333333	0
2005	63	-4.10416666666667	0
2005	64	-2.8975	0.25
2005	65	-2.34659346706255	2.53
2005	66	-3.81583333333333	2.41
2005	67	-4.55041666666667	0.12
2005	68	-6.02416666666667	17.52
2005	69	-1.26416666666667	0
2005	70	-2.20708333333333	1.39
2005	71	-0.714583333333334	16.25
2005	72	-2.42791666666667	11.65
2005	73	-3.7075	26.67
2005	74	-2.94416666666667	32.62
2005	75	-3.95791666666667	2.64
2005	76	-3.93791666666667	3.3
2005	77	-2.44541666666667	0.75
2005	78	-0.879583333333333	11.91
2005	79	-0.948333333333333	0.12
2005	80	-1.57833333333333	3.04
2005	81	-1.3577972427728	6.59
2005	82	-0.773333333333333	8.75
2005	83	-3.52169361654395	1.24
2005	84	-4.74865046728451	0
2005	85	-5.13867354548851	5.32
2005	86	-4.12669456703781	6.21
2005	87	-0.783901109666971	17.64
2005	88	-5.15082015091609	3.4
2005	89	0.896856969678384	4.02
2005	90	-2.11683281474772	12.04
2005	91	-1.52666666666667	0.64
2005	92	-2.395	0.13
2005	93	-1.82129087085088	12.7
2005	94	-2.62375	0.63
2005	95	-0.790833333333333	6.87
2005	96	-2.3830422222494	32.76
2005	97	-0.661666666666667	0.13
2005	98	-2.8725	18.01
2005	99	-1.32875	2.16
2005	100	-1.59041666666667	4.83
2005	101	-3.38541666666667	10.67
2005	102	-1.62041666666667	5.34
2005	103	-2.93208333333333	0.39
2005	104	-1.40958333333333	25.77
2005	105	-3.33543925119874	6.61
2005	106	-1.09291666666667	8.38
2005	107	-0.8225	0.89
2005	108	-1.10541666666667	0
2005	109	4.27291666666667	6.61
2005	110	-2.3825	3.16
2005	111	-2.89958333333333	1.65
2005	112	-1.37916666666667	0
2005	113	-2.07255174836813	4.58
2005	114	3.92731885739707	28.32
2005	115	-3.53940883579638	1.53
2005	116	-1.82895915831307	5.34
2005	117	-1.91	18.66
2005	118	1.66734766460506	25.02
2005	119	-0.9125	0.9
2005	120	-2.55416666666667	10.54
2005	121	-0.687083333333333	5.98
2005	122	-1.79708333333333	0
2005	123	-1.09083333333333	0
2005	124	-1.45083333333333	2.55
2005	125	-3.5681746343869	6.48
2005	126	-3.10125	0.38
2005	127	-2.57458333333333	0.13
2005	128	-2.545	11.55
2005	129	-2.7975	2.29
2005	130	-0.655416666666666	0
2005	131	-0.56125	0.13
2005	132	-1.71791666666667	10.3
2005	133	-2.41083333333333	0
2005	134	-4.44474997789725	3.05
2005	135	-2.57458333333333	10.15
2005	136	-2.01708333333333	1.27
2005	137	-3.14653874831751	16.01
2005	138	3.31552288413874	16.25
2005	139	-3.21666666666667	23.51
2005	140	-3.17541666666667	6.99
2005	141	-1.31666666666667	7.75
2005	142	-0.837974905171761	3.68
2005	143	-1.84166666666667	0.38
2005	144	-2.16333333333333	2.92
2005	145	1.53053271091779	10.67
2005	146	0.225	0.38
2005	147	-1.61041666666667	0
2005	148	-0.87125	7.63
2005	149	-0.821666666666667	2.91
2005	150	-1.47408376811	7.11
2005	151	-2.92791666666667	15.75
2005	152	-2.49916666666667	0.51
2005	153	-0.412916666666667	0
2005	154	-2.56833333333333	2.92
2005	155	-3.27958333333333	0.63
2005	156	0.540416666666666	5.84
2005	157	-0.78125	0.38
2005	158	-3.63525	9.15
2005	159	-1.24291666666667	4.7
2005	160	0.685833333333333	4.44
2005	161	-0.887916666666667	7.74
2005	162	-1.80041666666667	0.76
2005	163	-1.89083333333333	0
2005	164	-3.17333333333333	0
2005	165	-2.53583333333333	0
2005	166	-1.56625	0
2005	167	0.95125	0
2005	168	-0.7525	0
2005	169	-0.660797228141511	0
2005	170	-2.405	0.25
2005	171	-0.2325	0.13
2005	172	0.00249999999999992	0
2005	173	1.36	2.29
2005	174	0.72625	0
2005	175	-0.594583333333334	0
2005	176	0.921666666666667	0
2005	177	-1.41470833333333	3.42
2005	178	-0.81	2.03
2005	179	0.57875	0
2005	180	1.48708333333333	0
2005	181	0.352083333333333	0
2005	182	-0.37424955148107	5.21
2005	183	3.22851971088924	0.38
2005	184	1.62291666666667	0.63
2005	185	0.247916666666667	0
2005	186	-0.302100040968915	0.13
2005	187	1.59083333333333	0
2005	188	2.40416666666667	0
2005	189	1.02916666666667	0.25
2005	190	3.88555598549682	8.51
2005	191	0.116806633319893	1.53
2005	192	1.79125	0
2005	193	2.96166666666667	0
2005	194	2.48333333333333	15.62
2005	195	1.72666666666667	0.13
2005	196	3.55	0
2005	197	0.870416666666667	0
2005	198	2.28458333333333	1.4
2005	199	2.88	0
2005	200	2.70875	0
2005	201	3.42208333333333	0
2005	202	2.62375	0
2005	203	2.00541666666667	0.51
2005	204	1.40958333333333	0
2005	205	3.10958333333333	0
2005	206	2.23833333333333	0
2005	207	2.74458333333333	0
2005	208	2.20375	0
2005	209	-0.899408675129761	0
2005	210	-1.59776844507426	3.17
2005	211	-1.6779636381172	0
2005	212	-1.71509608916635	0
2005	213	-2.08479484166965	0
2005	214	-0.601126115807419	0
2005	215	0.939166666666667	0
2005	216	1.1925	0
2005	217	1.24625	0
2005	218	2.29625	0
2005	219	0.40125	0
2005	220	0.49375	0
2005	221	-0.72375	0
2005	222	-1.79458333333333	0
2005	223	-1.51625	0
2005	224	-2.558875	0.51
2005	225	-1.01875	0.13
2005	226	-2.88416666666667	1.64
2005	227	0.0366666666666664	2.54
2005	228	0.269583333333333	0.13
2005	229	-0.316666666666667	1.15
2005	230	-0.1425	2.55
2005	231	-0.349166666666667	0
2005	232	-0.835	0
2005	233	1.10541666666667	0
2005	234	-1.01291666666667	0
2005	235	-1.54625	0
2005	236	-0.151666666666667	0
2005	237	-0.76875	1.53
2005	238	-0.057916666666667	2.41
2005	239	-0.49125	0
2005	240	-0.250833333333333	0.13
2005	241	-1.27625	0.52
2005	242	-0.487916666666666	0
2005	243	-0.571666666666667	0
2005	244	-2.065	0
2005	245	-1.13833333333333	0
2005	246	-2.97708333333333	0.26
2005	247	-0.00166666666666671	3.81
2005	248	-0.154583333333333	0.13
2005	249	-2.0525	3.06
2005	250	-0.790014795447763	1.53
2005	251	-1.55291666666667	0
2005	252	-1.43916666666667	4.83
2005	253	-0.706666666666667	0.26
2005	254	-2.45846147638103	0
2005	255	-2.77798190606264	0
2005	256	-2.67838188241743	0
2005	257	-1.31815375912539	0
2005	258	-0.694002402014029	3.93
2005	259	-1.89359660107209	0
2005	260	-2.67232620527369	0
2005	261	-2.91907550907207	0
2005	262	-3.22524554535495	0
2005	263	-1.89442967189929	0
2005	264	-2.82166667637267	0
2005	265	-3.20018749423933	0
2005	266	-2.33286456319529	1.03
2005	267	-1.90124637689772	0.9
2005	268	-2.52934201078498	0
2005	269	-2.82506003140028	0
2005	270	-3.86461005439149	0
2005	271	-3.16684261306517	0.13
2005	272	-3.9271666654356	2.29
2005	273	-3.9398879679541	0
2005	274	-3.66213843457924	0
2005	275	-3.32026678785078	0
2005	276	-2.61768008762916	0.39
2005	277	-3.34951555543134	0.39
2005	278	-3.28343619332309	0
2005	279	-3.12188657908714	0
2005	280	-3.02543525482961	0
2005	281	-3.24448176010913	0.64
2005	282	-2.32472155968143	1.65
2005	283	-2.58550954995384	0
2005	284	-0.232850314670808	0
2005	285	-0.472032359780823	0.13
2005	286	-2.18720203406442	4.06
2005	287	-0.9775	0
2005	288	-2.00416666666667	0.76
2005	289	-2.63290566074805	0
2005	290	-1.94312068376413	0
2005	291	-2.4236121830351	0
2005	292	-3.89113173799271	0
2005	293	-1.86824524389227	0.76
2005	294	-1.96426791571286	2.03
2005	295	-2.28109690037447	0.13
2005	296	-2.94231266159971	2.54
2005	297	-2.88643620778508	0
2005	298	-3.29311572627706	0
2005	299	-2.97044335369331	0
2005	300	-3.06123725601188	0
2005	301	-3.30854955463478	0
2005	302	-3.23575454551637	0
2005	303	-3.59792156879337	0
2005	304	-3.16575428981439	0
2005	305	-2.58952789680354	0.76
2005	306	-3.93165138324198	0
2005	307	-3.66386987632936	0
2005	308	-2.34490156149998	4.32
2005	309	-2.36583491920674	0
2005	310	-3.4716502570326	0
2005	311	-2.82558859095521	0
2005	312	-0.795481842580211	0
2005	313	-2.55338226384766	0.38
2005	314	-3.2488135087356	0
2005	315	-3.15624292377642	0
2005	316	-3.2583256746931	0
2005	317	-3.37189274058125	0
2005	318	-2.36674053696154	0
2005	319	-2.13678803288348	0.89
2005	320	-1.89714732096979	0
2005	321	-1.89417329182697	0
2005	322	-2.49135088149175	0
2005	323	-2.77631467764355	0
2005	324	-1.64027531611436	0
2005	325	-2.09159509103048	0
2005	326	-1.55407250841884	0
2005	327	-2.51659986538775	0
2005	328	-2.95004559934819	0
2005	329	-2.98281392226677	0
2005	330	-2.32674092519561	0
2005	331	2.16325357537669	31.38
2005	332	-0.293315687463167	0.13
2005	333	0.238153817104346	0
2005	334	-0.694583333333333	0
2005	335	-2.96166666666667	0
2005	336	2.23925619431233	5.45
2005	337	1.11	0.26
2005	338	-0.485012421687058	7.87
2005	339	0.623333333333334	2.54
2005	340	2.21565664009513	0.25
2005	341	5.74871820276824	17.53
2005	342	0.58375	1.53
2005	343	-1.07307474970163	1.77
2005	344	-0.776666666666667	0
2005	345	-1.01166666666667	0
2005	346	-0.599583333333333	0
2005	347	-1.39267387783128	0
2005	348	-1.92333333333333	0.9
2005	349	-2.6211433436221	4.83
2005	350	-2.43248509480507	9.9
2005	351	-0.867083333333333	0
2005	352	-1.1878684516536	6.49
2005	353	-1.06735684742016	12.32
2005	354	-0.190757605883045	15.63
2005	355	-2.44858864755189	11.93
2005	356	0.339565258916025	1.02
2005	357	3.68791666666667	9.79
2005	358	1.77854058855804	24.39
2005	359	0.54125	2.03
2005	360	-0.503333333333333	0
2005	361	2.53421726739792	8.5
2005	362	-0.63625	0.13
2005	363	1.28170767533119	3.93
2005	364	-1.35208333333333	0.64
2005	365	4.76677210133487	22.35
2006	1	-0.0413024015448458	23.36
2006	2	-1.55333333333333	0.38
2006	3	-1.18379600892597	4.57
2006	4	-0.0445833333333334	6.98
2006	5	0.427083333333333	1.15
2006	6	-1.46458333333333	0
2006	7	0.552995220050027	3.68
2006	8	0.40375	26.67
2006	9	0.205	1.92
2006	10	0.00911346750164028	0.39
2006	11	1.18833398199781	21.45
2006	12	-0.382916666666667	2.67
2006	13	-1.04833333333333	0
2006	14	-0.0666666666666667	0
2006	15	-0.374583333333333	12.44
2006	16	-3.59777416488495	25.78
2006	17	0.333333333333333	13.08
2006	18	-0.383254460317958	9.65
2006	19	0.742113369088254	4.06
2006	20	2.66854571593305	12.45
2006	21	2.51375	2.92
2006	22	-0.0804166666666667	8.89
2006	23	-2.64041666666667	0.13
2006	24	-2.07958333333333	10.03
2006	25	-2.65125	3.68
2006	26	-2.88375	0.63
2006	27	-2.29958333333333	0
2006	28	-1.7710000764538	11.31
2006	29	-2.45274233279954	9.53
2006	30	-0.619166666666667	2.42
2006	31	-1.83352868513278	5.08
2006	32	1.04358636174591	15.63
2006	33	-1.66044178016621	5.34
2006	34	-1.71541666666667	0
2006	35	-2.64588475238198	0
2006	36	-1.89916666666667	3.3
2006	37	1.88176683287628	19.31
2006	38	-1.97041666666667	0.52
2006	39	-3.14125	2.14
2006	40	-3.88526218851881	0.12
2006	41	-2.385	0
2006	42	-4.1175	0
2006	43	-10.1904166666667	0
2006	44	-10.0120833333333	0
2006	45	-10.1316666666667	0
2006	46	-9.85166666666667	0
2006	47	-9.75791666666667	0
2006	48	-9.61708333333333	0
2006	49	-9.57375	0
2006	50	-9.48166666666667	0
2006	51	-9.54125	0
2006	52	-9.27583333333333	0
2006	53	-9.21166666666667	0
2006	54	-8.09817566602985	0.63
2006	55	-4.18002313955461	0.24
2006	56	-6.28148733308337	8.51
2006	57	-0.976887445872648	4.3
2006	58	0.092758028500579	7.82
2006	59	-0.673993037493448	1.37
2006	60	-3.45684675084985	0.26
2006	61	-4.46212094335103	0
2006	62	3.45212180493531	19.81
2006	63	-2.25267168959031	20.59
2006	64	-3.10645271574865	5.33
2006	65	-3.57116950086935	0.13
2006	66	-1.30704894854974	3.43
2006	67	-3.23063860543626	0.13
2006	68	-2.88753022425354	2.03
2006	69	-4.15938793281968	0.26
2006	70	-3.31883529057687	1.14
2006	71	-2.72585592640294	6.1
2006	72	-2.61621802508453	0.38
2006	73	-3.41198469590565	0
2006	74	-4.11904307813497	0.51
2006	75	-0.0463880152656345	6.98
2006	76	-1.95458333333333	3.55
2006	77	-1.7520799612454	6.86
2006	78	4.09458333333333	0.63
2006	79	-4.38041666666667	0
2006	80	-5.94839290414838	0.51
2006	81	1.9517348742164	16.77
2006	82	-3.48812136841565	1.15
2006	83	0.35197910981691	12.06
2006	84	-4.01273222928042	0.38
2006	85	-2.93872958215456	0
2006	86	-3.9762543953575	3.94
2006	87	-3.17200185453408	13.72
2006	88	-2.89942308589029	2.42
2006	89	0.993844204767622	8.76
2006	90	-1.01798411939238	0.89
2006	91	0.174915669349629	17.9
2006	92	-1.0227994041423	4.2
2006	93	0.0355702589551222	1.01
2006	94	-2.14485829538403	7.63
2006	95	-1.25991304632908	0.26
2006	96	-4.55041666666667	3.43
2006	97	-4.035798958931	5.71
2006	98	-1.48870700109377	15.11
2006	99	-3.61139801466442	1.14
2006	100	-3.56917652536116	1.9
2006	101	-3.69619430096278	0.13
2006	102	-1.32231600266015	0.39
2006	103	0.0980697430610711	4.46
2006	104	-1.91375	1.52
2006	105	-1.27233967679077	0.13
2006	106	0.938565803949811	1.56
2006	107	-0.00593796787007076	7.13
2006	108	-1.46083333333333	18.79
2006	109	-2.98125	1.14
2006	110	3.87241788602933	2.42
2006	111	2.73166666666667	9.23
2006	112	-3.9839332990388	0.13
2006	113	-3.27296333588612	0.13
2006	114	-3.63252831710312	0
2006	115	-3.86335373386674	7.24
2006	116	-4.48304105505437	3.31
2006	117	-5.75027022864484	0.67
2006	118	-6.67764377966459	0.13
2006	119	-7.78994280184337	0
2006	120	-7.70584881255855	2.14
2006	121	-9.10816780033094	0.13
2006	122	-8.40051430439205	0
2006	123	-7.77872744867222	0.13
2006	124	-9.75939006218788	0
2006	125	-9.60924282893501	0
2006	126	-8.82202530389814	0
2006	127	-7.3297105620823	1.4
2006	128	-8.73121203240401	3.79
2006	129	-8.28416486483811	1.28
2006	130	-9.1141933815075	2.15
2006	131	-5.99258427745663	0
2006	132	-1.08048786722352	0
2006	133	-5.2689536552219	0.13
2006	134	-2.88824880818155	0
2006	135	-5.29482136379256	0
2006	136	-3.35488669290449	0.13
2006	137	-5.19996013216459	0.13
2006	138	-4.37853002178334	0.26
2006	139	-2.82949069777262	0.13
2006	140	-3.57063721266716	0
2006	141	-5.48238656233992	0
2006	142	-4.08293708434241	0
2006	143	-3.65235775543863	0.52
2006	144	-0.821596174294892	0.78
2006	145	-2.88614221072956	1.82
2006	146	-5.16439002761874	2.08
2006	147	-6.02090738692605	1.3
2006	148	-1.5234755694986	0.26
2006	149	-3.13556537563991	1.82
2006	150	-5.82054109227061	2.08
2006	151	-3.6121980511251	1.3
2006	152	-3.69766109046071	0.13
2006	153	-2.37618649410028	0
2006	154	-1.66828522780061	0
2006	155	-1.82290335138795	0
2006	156	-1.83498209240393	0
2006	157	-1.46767487189682	0
2006	158	-1.78225824823016	0
2006	159	-2.05495893946043	0
2006	160	-0.230490477488914	0
2006	161	-2.1309001587791	0
2006	162	1.50976012253382	0
2006	163	-0.49443698962802	0
2006	164	-2.77005233091884	0
2006	165	0.931963654323493	0
2006	166	-2.67092061852736	0
2006	167	-1.13828894057031	0
2006	168	-2.46830257072169	0
2006	169	-2.30301614262385	0
2006	170	-3.55889862153409	0
2006	171	-3.5551352416059	0
2006	172	-3.27036060067303	0
2006	173	-3.09632534631052	0
2006	174	-2.61082437689399	0
2006	175	-2.86089413801158	0
2006	176	-2.7848125841614	0
2006	177	-0.760288462971068	0
2006	178	-2.35517206295724	0
2006	179	-3.20437615095189	0.38
2006	180	-4.04542145241536	0.52
2006	181	-5.55781194869539	0
2006	182	-4.43012343688988	0
2006	183	-3.61228626709391	0
2006	184	-3.87604117665761	0
2006	185	-4.1220247373287	0
2006	186	-5.06048528683375	0.38
2006	187	-1.36104021581846	0
2006	188	-0.396666666666667	3.17
2006	189	-1.46083333333333	0
2006	190	-2.76291666666667	0
2006	191	-2.52416666666667	0
2006	192	-2.87893210501947	0
2006	193	-0.991604560914136	18.28
2006	194	-1.93291666666667	0
2006	195	-2.36125	0
2006	196	-3.14625	0
2006	197	-2.10041666666667	0
2006	198	-2.07858839288664	0
2006	199	-2.16567972365472	0
2006	200	-1.48208333333333	0
2006	201	-0.281309625545702	13.33
2006	202	-3.00038442697184	0.38
2006	203	-2.22909347602466	1.52
2006	204	-4.40983615344364	0
2006	205	-4.44297549302004	0
2006	206	-4.62491930313577	0
2006	207	-4.03504478695781	0
2006	208	-3.13996725850539	0.89
2006	209	-4.34463133043031	0
2006	210	-3.93216412130777	5.59
2006	211	-3.5093551078798	0
2006	212	-4.38722983587733	0
2006	213	-3.91861122395324	13.85
2006	214	-2.55272129968979	1.02
2006	215	-4.55011645093179	0
2006	216	-4.43010832899471	0
2006	217	-4.32880620707465	0
2006	218	-3.70248017364002	0
2006	219	-2.56645305597397	0
2006	220	-1.97176585230707	0
2006	221	-1.85127370742608	0
2006	222	-0.374852219502045	0
2006	223	-2.40170356456216	1.14
2006	224	-1.95125835751877	0
2006	225	-1.52993195492032	1.77
2006	226	-1.45637724987679	0
2006	227	-1.6897875813917	0
2006	228	-1.87324423098162	0
2006	229	1.22045957588725	0
2006	230	0.519166666666667	7.49
2006	231	1.98963964705123	3.82
2006	232	0.200416666666667	0
2006	233	1.67125	0
2006	234	0.45	0
2006	235	1.35333333333333	0
2006	236	0.131666666666667	0
2006	237	-1.71791666666667	0.26
2006	238	-1.42375	0
2006	239	-0.157083333333333	0
2006	240	0.0404166666666667	0
2006	241	-0.292083333333333	0
2006	242	-0.51125	0
2006	243	0.184166666666667	0
2006	244	-1.66875	0
2006	245	1.53458333333333	0
2006	246	0.0583333333333331	0
2006	247	-0.452083333333333	0.38
2006	248	-2.165	5.84
2006	249	0.9475	0
2006	250	-1.78208333333333	0
2006	251	1.88833333333333	0
2006	252	-0.303333333333334	0
2006	253	-0.0764600285499831	0
2006	254	-2.49437067071454	0
2006	255	-1.64943685667233	0
2006	256	-0.115602152739505	3.83
2006	257	-1.73411516357746	0
2006	258	-1.62196717248824	0
2006	259	-1.57764831972751	0
2006	260	-1.80889281219269	0
2006	261	-2.37301620091951	0
2006	262	-1.55842690360068	0
2006	263	-2.93988391015348	0
2006	264	-3.02149391313983	0
2006	265	-3.17715024199019	0
2006	266	-3.63033116300899	0
2006	267	-2.8002809367054	0.25
2006	268	-3.88448640923889	0
2006	269	-3.21926091481322	0.13
2006	270	-5.26	0.25
2006	271	-4.72213255270395	0
2006	272	-2.91992171681933	0.13
2006	273	-3.7	0.38
2006	274	-5.38541666666667	0.38
2006	275	-4.07375	0.25
2006	276	-4.12583333333333	1.53
2006	277	-4.5825	0.76
2006	278	-4.48583333333333	0
2006	279	-3.35982582991568	0
2006	280	-4.82916666666667	0
2006	281	-2.88638279513494	0
2006	282	-2.94746391826582	0
2006	283	-3.70125	2.92
2006	284	-4.7725	0.13
2006	285	-4.41122108982392	0
2006	286	-4.17994461539976	0
2006	287	-4.98558387009843	0
2006	288	-3.68739946784157	1.02
2006	289	-2.99042051894579	0
2006	290	-5.1830799060785	0
2006	291	-2.18154442113558	0
2006	292	-2.76958333333333	1.52
2006	293	-2.9525	0.13
2006	294	-4.18645692364308	0
2006	295	-2.10831785301256	0
2006	296	-4.00416666666667	0
2006	297	-4.08416666666667	0
2006	298	-3.62963646385428	8.76
2006	299	-5.21083333333333	0
2006	300	-3.62875	0
2006	301	0.218843902884959	0
2006	302	0.47265469414386	0
2006	303	-2.72695092169228	0
2006	304	-4.27208333333333	0
2006	305	-4.28713159645028	0
2006	306	-3.965	0
2006	307	-4.20458333333333	0
2006	308	-3.20658046273667	0
2006	309	-3.26464866505186	0
2006	310	-2.43966987182313	0.13
2006	311	-4.44333333333333	0.13
2006	312	-2.1057603972036	1.39
2006	313	-2.16195983474978	0
2006	314	-3.53210830392135	5.97
2006	315	2.85074098083828	29.59
2006	316	-4.31331531293066	16.01
2006	317	-3.09638810808714	0
2006	318	1.01084762071308	11.81
2006	319	-0.359057781184379	0.13
2006	320	-2.73757248571279	1.78
2006	321	-1.74841154109507	0.64
2006	322	3.13756054153729	8.13
2006	323	-1.25734546556202	0.13
2006	324	0.0708760346317417	4.07
2006	325	-2.12728265246137	10.79
2006	326	1.69794730731394	8.38
2006	327	-1.72348510807499	2.79
2006	328	-1.23836004901599	0.13
2006	329	-3.95870932695893	0.25
2006	330	-1.09232663371743	0
2006	331	-1.77659278679068	0
2006	332	0.930416666666666	0
2006	333	0.909583333333333	0
2006	334	-4.37666666666667	0
2006	335	-1.5925	0
2006	336	-2.40625	0
2006	337	-1.78375	0
2006	338	-1.10791666666667	0
2006	339	-2.43541666666667	0
2006	340	0.61875	0
2006	341	-3.31041666666667	0
2006	342	1.47541666666667	0
2006	343	0.340833333333334	0
2006	344	0.197916666666667	0
2006	345	-2.7475	0
2006	346	-4.13833333333333	0
2006	347	-3.86333333333333	0
2006	348	-4.65208333333333	0
2006	349	-0.67375	0
2006	350	-4.29875	0
2006	351	-3.32666666666667	0
2006	352	0.537083333333333	0
2006	353	-3.05458333333333	0
2006	354	-1.77	0
2006	355	-4.38166666666667	0
2006	356	-1.49916666666667	0
2006	357	-3.455	0
2006	358	-4.94375	0
2006	359	-5.75041666666667	0
2006	360	-3.40416666666667	0
2006	361	-2.33	0
2006	362	3.17416666666667	0
2006	363	3.5675	0
2006	364	3.81625	0
2006	365	4.13875	0
2007	1	4.17625	0
2007	2	4.58166666666667	0
2007	3	5.03291666666667	0
2007	4	3.45637936178119	0.13
2007	5	5.09833333333333	0
2007	6	5.07583333333333	0
2007	7	5.11416666666667	0
2007	8	5.11583333333333	0
2007	9	5.14333333333333	0
2007	10	5.19666666666667	0
2007	11	5.20666666666667	0
2007	12	0.560913129137129	1.91
2007	13	0.239052425138921	7.11
2007	14	-2.79412745115385	0
2007	15	-3.95077385790753	1.9
2007	16	-1.64311549061103	0.76
2007	17	-2.3290119354457	0
2007	18	-1.85651413454834	0
2007	19	-5.00947265043074	0.38
2007	20	-2.68581184868197	1.77
2007	21	-2.62956108178404	0.26
2007	22	-3.76327848785623	0.26
2007	23	-5.64769342283845	12.45
2007	24	-4.58200312623223	0.64
2007	25	-2.26182896246526	2.92
2007	26	-4.132080980847	0
2007	27	-1.9625766992848	10.79
2007	28	-5.20962112312784	1.91
2007	29	-4.43217073470625	0.26
2007	30	-3.81419324826171	0.89
2007	31	-1.75551319139905	4.06
2007	32	-1.61290064406684	8.37
2007	33	-0.121881982689033	2.92
2007	34	-0.462086662199942	11.17
2007	35	-3.25858714056739	2.77
2007	36	-3.01986341335939	6.08
2007	37	-2.70656945099396	13.02
2007	38	-3.30220044688922	9.61
2007	39	-5.6608107630082	0.12
2007	40	-2.35504159923025	0.25
2007	41	-2.88890097939512	0
2007	42	-2.52047785667115	4.7
2007	43	1.07632521164828	7.35
2007	44	-3.225	0
2007	45	-2.79991887883023	0
2007	46	-1.27962381850132	0.62
2007	47	1.40506474149365	16.39
2007	48	-5.8103836204961	0
2007	49	-3.64070431079265	0
2007	50	-1.40310347307571	7.62
2007	51	-4.91051994098929	6.74
2007	52	-0.587362615721008	7.47
2007	53	-4.86428678939593	4.41
2007	54	-2.77879147617447	2.26
2007	55	-3.6354361035886	7.72
2007	56	-2.27147550448557	0.12
2007	57	-4.28669683602946	13.82
2007	58	-0.490654519041871	13.94
2007	59	-2.78731496228259	0.12
2007	60	-4.82912848414227	1.51
2007	61	-2.03087597615718	1.01
2007	62	0.436701683996847	9.37
2007	63	-2.32257991218532	0.61
2007	64	-3.13551950227971	24
2007	65	-5.90543212350152	3.53
2007	66	-2.74945782230845	1.26
2007	67	-2.94319281497635	7.09
2007	68	-0.243906323076354	0.99
2007	69	-1.50386916805801	11.91
2007	70	-4.07123002345116	0
2007	71	-1.61208333333333	0.38
2007	72	-4.94954177957466	17
2007	73	-3.50512831325783	0.36
2007	74	0.263766821418264	10.9
2007	75	-0.197747856783337	0.48
2007	76	0.01691068810776	8.11
2007	77	-1.28162612472073	1.88
2007	78	-1.15356531179658	0.75
2007	79	3.2278798114223	14.58
2007	80	-3.31659721329948	2.14
2007	81	1.23622742413154	10.14
2007	82	-3.83518702174916	11.81
2007	83	-5.86666666666667	15.74
2007	84	-5.03665821708088	7.71
2007	85	-3.67347418427663	2.91
2007	86	-0.472805369173271	5.83
2007	87	-4.30254290043081	1.65
2007	88	-3.92507092589434	1.77
2007	89	-1.60951315899908	0
2007	90	-3.02565652257607	19.65
2007	91	-1.92226489499173	1.26
2007	92	-4.17134408014403	0.24
2007	93	-3.67307239409294	12.69
2007	94	-3.42236751294726	0.37
2007	95	-3.57056432232771	1
2007	96	-3.62420802455033	0.12
2007	97	-5.00873170674119	0.87
2007	98	-2.18957490383196	3.02
2007	99	-0.7152032109157	4.69
2007	100	-5.04751076055037	0
2007	101	-1.25596535626623	4.92
2007	102	-2.2774550138542	4.17
2007	103	-1.51998114266656	0.12
2007	104	-2.48993769658288	0.12
2007	105	-3.14110333576734	10.36
2007	106	-2.46523273070999	21.97
2007	107	-2.84990899802795	0.48
2007	108	-3.20846081844808	0.12
2007	109	-4.20444181374817	0.25
2007	110	-4.10193297383494	11.66
2007	111	-2.6722822670393	13.85
2007	112	-0.925425632415658	6.58
2007	113	-4.09600280274272	0
2007	114	-2.85513800267335	2.14
2007	115	-1.03833333333333	0
2007	116	-4.22375	1.51
2007	117	-1.80834867340089	6.59
2007	118	-1.68672755848016	3.17
2007	119	-1.86100327308728	14.34
2007	120	-1.28655888079385	7.36
2007	121	-1.94349985774898	0.89
2007	122	-2.12340569791304	0
2007	123	-2.97902665850487	0.13
2007	124	-0.558037941104942	11.43
2007	125	-1.83775483829784	0.64
2007	126	1.45388868301595	2.42
2007	127	1.60224786299232	10.8
2007	128	-5.65835295596773	1.39
2007	129	-3.35603214817501	0.63
2007	130	-0.115781740036891	0.51
2007	131	-1.09281824873632	0.89
2007	132	-0.581666666666667	0
2007	133	-1.54316427482242	4.07
2007	134	-1.74900529890847	15.36
2007	135	-3.11593167342196	2.16
2007	136	-2.01666666666667	6.73
2007	137	-0.200833333333333	0
2007	138	-1.61291666666667	0
2007	139	-1.42333333333333	4.2
2007	140	2.59416666666667	0
2007	141	-2.96	0.13
2007	142	0.9763629677566	3.69
2007	143	-0.441687972029411	16.88
2007	144	-1.51262690146196	0
2007	145	-3.37736421379942	0
2007	146	-0.571931113712561	3.68
2007	147	-0.921257078982427	1.02
2007	148	-1.51814199187945	0
2007	149	-2.3275	0
2007	150	-3.08522677669715	1.65
2007	151	-2.3289582238074	1.27
2007	152	-0.802208333333333	4.32
2007	153	1.32625	0.12
2007	154	-0.8475	2.02
2007	155	1.59916666666667	0
2007	156	-2.9931460922346	5.46
2007	157	0.708018452611714	2.27
2007	158	0.0849999999999998	0
2007	159	0.375833333333333	0
2007	160	1.43916666666667	0.12
2007	161	-0.966141633353366	10.28
2007	162	1.10333333333333	10.41
2007	163	-0.0691666666666668	0.12
2007	164	2.10333333333333	0.5
2007	165	-0.648333333333333	0
2007	166	-0.0775000000000003	0
2007	167	3.88747780293674	1.38
2007	168	0.669810069723788	0.12
2007	169	-0.00700469384964972	13.83
2007	170	-1.70375	6.21
2007	171	1.09625	0
2007	172	1.88458333333333	0
2007	173	3.07541666666667	0
2007	174	3.10833333333333	0
2007	175	1.19060615839643	0
2007	176	1.07309362585059	0
2007	177	0.351828759368358	2.15
2007	178	1.45695833333333	0
2007	179	2.25625	0
2007	180	1.74244918608881	0
2007	181	0.52453241662095	4.7
2007	182	0.4075	0
2007	183	0.401666666666667	1.4
2007	184	-1.42316666666667	3.18
2007	185	-0.377625	1.9
2007	186	1.375	1.52
2007	187	2.13208333333333	0
2007	188	2.26291666666667	0.25
2007	189	1.30666666666667	0
2007	190	0.506666666666667	0.25
2007	191	0.425291666666667	2.42
2007	192	2.00333333333333	1.14
2007	193	4.10070833333333	7.75
2007	194	0.55	0.64
2007	195	0.742083333333334	0
2007	196	0.797916666666667	0
2007	197	2.12083333333333	0
2007	198	-0.815833333333333	0
2007	199	1.31083333333333	0
2007	200	-0.348458333333333	0
2007	201	0.167083333333333	0
2007	202	-0.504166666666666	0.25
2007	203	1.48125	0
2007	204	1.72083333333333	0
2007	205	0.476666666666667	0
2007	206	-0.161791666666667	0
2007	207	1.12583333333333	0
2007	208	-0.00625000000000038	0
2007	209	-1.66333333333333	0.76
2007	210	0.1025	11.3
2007	211	1.26041666666667	4.32
2007	212	0.07875	0
2007	213	-0.509360841054941	0
2007	214	-1.42834307668671	0
2007	215	-0.068892689686796	0
2007	216	-0.240967733036546	0
2007	217	-1.19398040781285	2.8
2007	218	0.389662095935123	0.13
2007	219	0.0451330897834614	0
2007	220	-0.510003201384018	0.63
2007	221	1.0369745306697	0.13
2007	222	-1.48631857885663	0
2007	223	-1.41619204361429	0
2007	224	-1.94287303626336	0.63
2007	225	0.979358620190149	6.48
2007	226	-2.82095394864937	0
2007	227	-3.32126812353709	0
2007	228	-3.09325595937325	0
2007	229	-1.48211747087075	0
2007	230	-2.30185277989515	0
2007	231	-3.27228709324292	0
2007	232	-1.91908126839811	0
2007	233	-2.36579819458011	0.63
2007	234	-3.56595248982764	0.13
2007	235	0.141627448098157	1.53
2007	236	-2.30637565437831	0.13
2007	237	-2.77673690735112	0
2007	238	-2.06542633114898	0
2007	239	-2.23339469982962	0
2007	240	-2.23868048528592	0
2007	241	-2.98743116505559	0
2007	242	-2.61682276264671	0.51
2007	243	-3.07839190791706	0
2007	244	-3.29260942227315	0
2007	245	-2.74107706189619	0
2007	246	-2.47346054964224	0
2007	247	-1.64046457455596	0.38
2007	248	-1.41343704422129	0
2007	249	-2.73332282888505	0
2007	250	-0.324164988539274	5.6
2007	251	-2.27799401654326	0.13
2007	252	-2.31909578136184	2.28
2007	253	-3.0737004926149	0
2007	254	-2.06716687609238	0
2007	255	-1.23916611508786	0
2007	256	-2.04493057704688	0
2007	257	-3.2701654568148	0.76
2007	258	-3.45197421350343	4.95
2007	259	-1.7582732315839	2.41
2007	260	-1.55579989646361	3.94
2007	261	-1.9018899847311	0
2007	262	-1.69223694209537	0
2007	263	-1.87869894106362	0
2007	264	-1.71716906880226	0
2007	265	-2.17184711891763	0
2007	266	-1.41762956869251	0
2007	267	-0.944762330163711	0
2007	268	-0.816041855170135	0
2007	269	-0.773446547034913	0
2007	270	-1.21040312259534	0
2007	271	-0.592577559604553	0
2007	272	-4.58858190503989	0
2007	273	-0.0400720944722413	1.78
2007	274	-3.42414778814572	0.38
2007	275	-4.39134328999288	0
2007	276	-3.14812155119625	0
2007	277	-4.88597560779694	0.13
2007	278	-4.14199296293783	0
2007	279	-3.03919777112989	0
2007	280	-3.54849844621444	0.89
2007	281	-2.79199926392886	0.26
2007	282	-4.19893079938418	3.05
2007	283	-2.89554317661156	2.29
2007	284	-0.916993219927558	0
2007	285	-1.77230991428351	1.14
2007	286	-3.98213715194778	0
2007	287	-1.77858269286225	0
2007	288	-3.14467536167445	0.77
2007	289	-2.97343210952802	0
2007	290	-2.35315260137138	0
2007	291	-4.002625	0
2007	292	-2.07942077427433	0
2007	293	-1.7598819082219	1.65
2007	294	0.866321766704568	0
2007	295	3.11411190123676	10.55
2007	296	-0.0369108033269237	0.13
2007	297	-0.785350248931055	0
2007	298	0.800942077929783	0.89
2007	299	0.11604057275715	0
2007	300	2.44014899373078	7.62
2007	301	0.975915907779277	1.78
2007	302	0.662549566741107	6.36
2007	303	0.603130341321675	4.71
2007	304	2.55133372251139	0
2007	305	-0.00363678728488679	0
2007	306	4.67943645814394	0
2007	307	1.84834950019268	1.4
2007	308	-1.2497299459365	0
2007	309	-2.35571456629765	1.15
2007	310	-2.00931576844324	0.25
2007	311	-2.89060113852058	0
2007	312	-2.62737938320051	0
2007	313	-0.904235394730326	0
2007	314	-0.332725971050917	0
2007	315	-0.551695224451222	0
2007	316	-2.04231053809028	0
2007	317	-2.12692299470907	0
2007	318	-2.10683742736948	0
2007	319	-1.88138010873161	0.51
2007	320	-1.80458069937278	0
2007	321	-0.811099871835364	0.25
2007	322	-1.04330436558931	3.17
2007	323	-1.55002627776633	0
2007	324	-2.39352438434274	0
2007	325	-1.74866562264069	0
2007	326	-1.60754759235666	0.13
2007	327	-1.82533728282097	0
2007	328	-4.59527838178166	1.65
2007	329	-4.77323608088043	0
2007	330	-2.25388530654456	0.51
2007	331	-2.44869344154282	2.93
2007	332	-4.28805694602367	1.52
2007	333	-5.70068355855856	0
2007	334	-3.06967085037094	0
2007	335	-1.30364984765564	1.51
2007	336	-2.32000133851619	10.79
2007	337	-5.87583333333333	0
2007	338	-5.13078656248966	0
2007	339	-5.85281776057465	0
2007	340	-3.62884350120845	0
2007	341	-4.75593782087463	0.37
2007	342	-5.05561277202236	43.26
2007	343	-5.94560555925213	6.7
2007	344	-5.07469605952058	0.12
2007	345	-4.82683256528254	0
2007	346	-4.07585692798765	0
2007	347	-3.78808802835457	0
2007	348	-4.06943400690099	1.39
2007	349	-4.00633999890085	0
2007	350	-4.98259126240291	2.16
2007	351	-5.55418774976897	0
2007	352	-5.13370691056747	1.75
2007	353	-4.84569620749771	0.76
2007	354	-1.63127506662417	1.51
2007	355	-4.79259215962037	0
2007	356	-5.70136481561561	0.51
2007	357	-5.36892011943173	6.34
2007	358	-3.93499980948342	0.62
2007	359	-2.56486621019144	16.1
2007	360	-1.00848573483607	5.2
2007	361	-0.0800964255894096	1.01
2007	362	2.93684800351918	20.92
2007	363	2.75604176231013	0.87
2007	364	-1.90794230954207	2.37
2007	365	-0.273812119165052	4.95
2008	1	0.449276420566189	0.12
2008	2	0.499165310746652	0.5
2008	3	-1.42149615698133	0.12
2008	4	-2.01287275460119	2.14
2008	5	-1.69749270118528	0.49
2008	6	-2.22494301615338	2.16
2008	7	-2.50938517428787	0
2008	8	-2.05422634202042	0
2008	9	2.77184026934202	16.26
2008	10	-0.329448334972991	6.46
2008	11	-3.70625	0
2008	12	-3.67093396602822	0
2008	13	0.476757897557183	2.4
2008	14	-0.589235822006821	5.28
2008	15	0.351076007481391	6.47
2008	16	-1.10541666666667	0
2008	17	-3.52443036429599	2.53
2008	18	-0.847515191513633	0.62
2008	19	-0.419913259048734	0.75
2008	20	1.70327700167151	2.91
2008	21	0.510485710269874	6.83
2008	22	1.0000899797063	4.67
2008	23	-0.78953529514289	0.5
2008	24	-0.900630098870567	0.48
2008	25	2.33017408740712	4.31
2008	26	1.20460046257561	1.27
2008	27	-1.43896515074084	0
2008	28	0.0643094671856362	1
2008	29	0.311793218353941	12.06
2008	30	-2.06397696139105	15.59
2008	31	3.45777708944252	6.55
2008	32	1.1680388927709	7.59
2008	33	1.94501640316409	1.48
2008	34	-4.40823936003358	3.66
2008	35	-3.25776540025476	0.25
2008	36	-1.12583793896596	0.49
2008	37	-3.01899484881418	3.67
2008	38	-4.09443626068878	0.12
2008	39	-5.14851009161032	0
2008	40	-5.33895171848966	0
2008	41	-4.72587973361308	0
2008	42	-4.29425535338911	0
2008	43	-2.51933661273578	3.16
2008	44	0.615950136970302	18.54
2008	45	-2.53873961167131	0.74
2008	46	-3.02404586016165	1.01
2008	47	-2.22445613364057	2.28
2008	48	-2.47144243994969	0
2008	49	-3.62003676924011	0.49
2008	50	-0.585137076203084	10.78
2008	51	4.31526867919011	8.87
2008	52	5.3315799686363	15.73
2008	53	-1.30211719131509	10.28
2008	54	0.864916929164416	3.54
2008	55	-1.6427987274871	2.8
2008	56	-1.4970500092731	0
2008	57	1.07414454836694	7.86
2008	58	0.470055467799453	0.5
2008	59	0.191152998767854	0.12
2008	60	0.763387523202074	3.02
2008	61	2.89007029680219	33.11
2008	62	5.19160807283009	6.03
2008	63	0.397600978844841	2.92
2008	64	-1.08055808448798	1.76
2008	65	-2.4630235221671	0.12
2008	66	-0.985508706726285	11.79
2008	67	2.77729425307963	6.45
2008	68	0.110078181533675	0.75
2008	69	3.69756747089842	1
2008	70	-1.15592868849696	0.12
2008	71	0.241164765215642	1.26
2008	72	-0.905010077431647	1.75
2008	73	0.860617547478837	8.63
2008	74	3.05363488698721	13.84
2008	75	0.0825824729809152	4.32
2008	76	-3.50036580665687	0.25
2008	77	-0.889906941150888	0
2008	78	-0.542020206376544	17.14
2008	79	1.90609802341447	11.56
2008	80	-0.229600374629871	0.38
2008	81	-1.9483923302142	13.98
2008	82	0.658923577701593	10.92
2008	83	-0.640927574057925	12.58
2008	84	1.24573082393792	3.56
2008	85	3.00494277844494	19.55
2008	86	-5.17452717569401	1.28
2008	87	-1.01089421412583	2.41
2008	88	-1.43105958167129	15.49
2008	89	-4.7008039836411	11.94
2008	90	-0.55958825217237	3.19
2008	91	-0.69506332908172	74.55
2008	92	1.84049683977265	8.33
2008	93	-0.327639647475	0.87
2008	94	-2.69460703092942	4.57
2008	95	-2.19642225325765	1
2008	96	-5.7375	0
2008	97	-3.80831460683806	0
2008	98	-4.29121020860463	0
2008	99	1.76211616858934	10.15
2008	100	-2.42324936408966	2.54
2008	101	-2.76689658204557	1.14
2008	102	-1.89322812419485	19.4
2008	103	-3.74347812681293	0.73
2008	104	-1.02369389471768	14.97
2008	105	-3.55550748094494	1.27
2008	106	-2.32163565676056	13.45
2008	107	-2.38319421292072	1.51
2008	108	-0.0254817645868066	2.01
2008	109	-1.80055444030358	0
2008	110	-0.845621240765396	2.28
2008	111	-2.10210573050582	0
2008	112	-2.04998228563566	4.16
2008	113	-2.60260128249264	0.63
2008	114	-0.467673565480408	0.75
2008	115	-0.314174659071221	0.12
2008	116	-2.23539087345407	44.66
2008	117	-1.90696005030372	1.64
2008	118	-0.751483441619788	1.75
2008	119	3.68720476329466	29.8
2008	120	-2.21075551363814	5.55
2008	121	2.87503888083071	1.14
2008	122	0.738854842844196	0.13
2008	123	0.181438365109161	24.11
2008	124	1.88807355182985	18.03
2008	125	-0.252988637479142	0.76
2008	126	-1.49458469212933	0.76
2008	127	4.45749333025881	3.56
2008	128	2.75700380291595	11.68
2008	129	0.169129957009699	1.53
2008	130	3.55472115763802	6.86
2008	131	5.6867976527217	1.4
2008	132	-0.305733782230706	3.04
2008	133	-0.956497018271172	0
2008	134	4.46293486141843	0.64
2008	135	1.9944327932719	0.13
2008	136	5.29443120792473	1.78
2008	137	0.468800697790604	0.13
2008	138	-0.240558528615323	0
2008	139	-0.688233806835057	0
2008	140	-2.06883500765346	6.6
2008	141	-2.71211046419926	0.13
2008	142	-1.51035091672826	1.02
2008	143	-3.60293572398438	0
2008	144	5.10190803940224	20.08
2008	145	-2.79474907646241	0.13
2008	146	1.22677859654585	19.42
2008	147	-1.85242021468813	1.66
2008	148	-2.23513643018387	2.28
2008	149	-0.916181345733237	3.68
2008	150	2.92168239274341	6.36
2008	151	1.23932478182072	7.48
2008	152	-2.44303632131982	19.17
2008	153	-1.92277770264932	5.34
2008	154	-0.497535120001402	14.09
2008	155	-2.63541666666667	0.13
2008	156	-2.34554166666667	0.63
2008	157	-1.18875	1.4
2008	158	2.65334186365559	0.51
2008	159	-0.252083333333333	1.01
2008	160	-0.613333333333333	0
2008	161	-1.12416666666667	0
2008	162	3.69997755777321	4.83
2008	163	-0.479869112031696	0
2008	164	-2.48	1.66
2008	165	5.12785642637178	7.49
2008	166	0.258333333333334	0.13
2008	167	0.611403219364433	0.13
2008	168	-1.05424013088165	15.76
2008	169	-0.91714603341835	11.43
2008	170	-3.11537189079064	0.38
2008	171	-0.0199999999999996	0
2008	172	2.46695833333333	1.27
2008	173	1.48875	0.26
2008	174	1.56708333333333	0
2008	175	0.993333333333333	0
2008	176	2.05416666666667	0
2008	177	-0.0285934045383917	0
2008	178	-0.27125	0
2008	179	-0.68625	0
2008	180	1.76541666666667	0
2008	181	3.03791666666667	0
2008	182	1.14583333333333	0
2008	183	0.24178273074272	0
2008	184	0.0716686214763158	0.12
2008	185	0.151027660223607	0
2008	186	1.27915113611482	0.5
2008	187	-0.165562617034909	0
2008	188	1.05113983049648	0
2008	189	1.69098230210537	31.99
2008	190	0.149401232594429	3.29
2008	191	0.0946614335789274	0
2008	192	-1.25373972365099	0
2008	193	-2.50125622403924	0
2008	194	-3.31644360963954	0
2008	195	-3.36059698943257	0
2008	196	-2.93414776777671	0
2008	197	-3.0058257411113	0
2008	198	-1.08440245820634	0
2008	199	2.63042206309513	0.24
2008	200	2.62132452648721	1.87
2008	201	1.50458846412206	1.01
2008	202	1.17031638189272	0
2008	203	1.74097281870933	0
2008	204	1.17422269386952	0
2008	205	1.40310422688985	0.63
2008	206	2.71462805514854	8.5
2008	207	2.19843164254539	0
2008	208	2.23477332843695	0
2008	209	1.51964279863133	0
2008	210	2.12589958644691	5.34
2008	211	1.84437416223138	0.12
2008	212	1.36477648721175	0
2008	213	2.66599402169407	0
2008	214	1.05207179809756	0
2008	215	1.54148619711043	0
2008	216	1.28166666666667	0
2008	217	2.64709203262345	0
2008	218	1.07179716420445	0
2008	219	1.06056070290563	0
2008	220	0.473333333333333	0
2008	221	1.42540385256421	0
2008	222	2.27557958921922	1.78
2008	223	-0.398875	0.89
2008	224	1.54583333333333	0
2008	225	0.340833333333333	0
2008	226	1.72416666666667	0
2008	227	2.10791666666667	0
2008	228	1.9475	0
2008	229	2.36708333333333	0
2008	230	2.0475	0
2008	231	1.59164577349303	2.41
2008	232	0.60625	0
2008	233	3.31772241350925	0
2008	234	0.54375	0
2008	235	1.48333333333333	0
2008	236	1.34822823007716	12.47
2008	237	0.147916666666666	7.87
2008	238	3.14275101648438	0
2008	239	0.352916666666667	0
2008	240	2.42615358724821	0
2008	241	1.65083333333333	0
2008	242	-0.335811342496258	0
2008	243	-2.74458333333333	2.28
2008	244	1.51070833333333	1.65
2008	245	2.3594635552966	0.13
2008	246	2.2470138155745	0
2008	247	0.208970480198892	0
2008	248	-0.654073935036541	0
2008	249	1.61289103124037	0
2008	250	1.15766459955421	2.28
2008	251	1.82916666666667	0.13
2008	252	-0.017975066825285	3.42
2008	253	1.62081761261261	0
2008	254	1.75743946539185	0
2008	255	0.154979841770634	0
2008	256	-1.6842000966317	6.61
2008	257	0.443338405789417	0.13
2008	258	1.81171736075384	1.27
2008	259	0.600468509678896	0
2008	260	-1.16875	0
2008	261	0.492070541930325	10.03
2008	262	1.00958333333333	0.13
2008	263	-1.28178221420224	0
2008	264	0.764104260369721	10.16
2008	265	1.05525612435346	0
2008	266	-0.399001936060817	0
2008	267	2.1850817583369	0
2008	268	-0.311680304314337	0
2008	269	-1.03284115852742	1.9
2008	270	-0.171273146296259	0
2008	271	-1.65304942590277	0
2008	272	-0.222860382088896	2.03
2008	273	-2.76010029731004	2.41
2008	274	0.807349340149496	0
2008	275	-1.34926501145922	0
2008	276	-2.73604085270703	3.05
2008	277	-1.79708333333333	7.75
2008	278	1.23644638605441	0
2008	279	1.96380814458463	1.27
2008	280	-0.441719749446279	0.5
2008	281	-1.73471169004301	0
2008	282	-0.320194804318179	6.6
2008	283	1.51286121758318	1.02
2008	284	-2.14692176404823	0.13
2008	285	1.66921380136887	0
2008	286	1.84594098481663	0
2008	287	0.345416666666667	0
2008	288	-0.0775610588204459	0
2008	289	-3.19538564072174	0
2008	290	-0.506320126072904	0
2008	291	0.417637820665887	0
2008	292	-1.62150763690838	0
2008	293	2.16926421960961	0
2008	294	0.762533136784431	1.02
2008	295	0.580121953589586	2.92
2008	296	1.02425860715261	0
2008	297	3.79921463854475	0
2008	298	2.62042945160601	0
2008	299	1.49938300071099	0
2008	300	0.213998112682916	0
2008	301	1.62356894507965	0
2008	302	1.80834308416713	0
2008	303	0.839078771656764	0
2008	304	1.46083596518101	0
2008	305	1.88707876707328	0
2008	306	1.42130581940685	1.14
2008	307	0.319086792563777	0
2008	308	-0.903374026901812	0
2008	309	-2.56761340528575	5.46
2008	310	-2.79922226726436	6.08
2008	311	-2.68070469921475	0
2008	312	-3.44299232394298	0
2008	313	-3.81542232799366	0
2008	314	-1.67560304972911	1.01
2008	315	-3.02514272797631	0
2008	316	-2.7072255800586	0
2008	317	-3.44295694308154	0
2008	318	-2.23720413106228	1.14
2008	319	-2.43883295220578	0
2008	320	-2.03944436420239	0
2008	321	-0.463905617680727	0
2008	322	-1.91485316198547	0
2008	323	-2.65837298803459	0
2008	324	-1.9443255190749	0
2008	325	-0.652495112872712	5.2
2008	326	-1.72300298045691	3.05
2008	327	-2.49881132964079	0
2008	328	-1.2719136755485	0
2008	329	-0.493708344735465	0
2008	330	-2.38108913478023	7.98
2008	331	-2.17463642849153	0
2008	332	0.81191412675229	0
2008	333	5.12883524630182	0.89
2008	334	2.47022598135103	0
2008	335	-1.2763488451233	0
2008	336	-1.51905853860563	0
2008	337	-0.339465516116714	6.85
2008	338	5.88268878938202	9.99
2008	339	-2.27197284531227	0.12
2008	340	2.26298115018138	0
2008	341	-1.16075410476531	0
2008	342	-1.11271764665333	0.24
2008	343	1.93503540098983	8.63
2008	344	-0.831820356304104	0
2008	345	-0.620568171415746	6.72
2008	346	-1.26418972745521	0
2008	347	0.530829260091283	6.21
2008	348	-1.18666666666667	0
2008	349	-2.51792177251324	0
2008	350	-0.0482883884523417	3.56
2008	351	-0.517181618212037	19.65
2008	352	0.676340968803434	0.6
2008	353	6.74026239434339	7.36
2008	354	4.30391441395635	0.76
2008	355	1.28062482754051	1.38
2008	356	-0.25426654969492	0
2008	357	1.66133826412328	5.83
2008	358	-0.259456202435758	1.76
2008	359	0.261720444792767	0
2008	360	3.31528349525778	7.85
2008	361	1.31875435344224	6.57
2008	362	-0.907834621973917	0
2008	363	0.0577638763766124	0
2008	364	1.84959551648104	0
2008	365	1.98483956317308	1.27
2008	366	-3.39588693441057	0
